S	A	0	0.0659144966091852	1	0.9976510328456495	0.995302065691299
S	A	0	0.275646428362863	1	0.9981682828370015	0.996336565674003
S	A	0	0.111478486956555	1	0.9973510205195	0.994702041039
S	A	0	0.287835100231566	1	0.9980622013409965	0.996124402681993
S	A	0	0.135349521164446	1	0.998453691589992	0.996907383179984
S	A	0	0.324594490467657	1	0.998176493788949	0.996352987577898
S	A	0	0.0279144286835061	1	0.9980815804971905	0.996163160994381
S	A	0	0.0503732792623295	1	0.998747372102581	0.997494744205162
S	A	0	0.150307254324343	1	0.9983496746445285	0.996699349289057
S	A	0	0.375656429703267	1	0.998199093951175	0.99639818790235
S	A	0	0.41642804312312	1	0.998549919725112	0.997099839450224
